1 0.808216 0.702246 0.095506 0.086325
1 0.294312 0.767696 0.061800 0.071158
1 0.229703 0.578650 0.056181 0.045133
1 0.224719 0.483237 0.054913 0.071158
1 0.280897 0.410112 0.052106 0.033892
1 0.748597 0.347379 0.063344 0.050375
1 0.366572 0.820129 0.032444 0.086142
1 0.343469 0.524438 0.056175 0.037458
1 0.584903 0.230429 0.044944 0.074908
1 0.328653 0.254683 0.043681 0.082583
1 0.210675 0.252904 0.060250 0.074908
1 0.365169 0.736800 0.035250 0.099250
1 0.591294 0.755621 0.049300 0.058242
1 0.615869 0.605808 0.042275 0.050750
1 0.625631 0.313671 0.033750 0.039142
1 0.646769 0.383896 0.061938 0.041392
1 0.767556 0.563671 0.081600 0.067608
1 0.683988 0.399717 0.046487 0.046817
1 0.660112 0.212638 0.040875 0.054308
