1 0.584200 0.227612 0.046350 0.073058
1 0.769663 0.562733 0.077387 0.080717
1 0.807516 0.702154 0.102531 0.082392
1 0.761937 0.339979 0.070363 0.065542
1 0.365941 0.817417 0.033706 0.080717
1 0.597612 0.739608 0.050700 0.063667
1 0.285112 0.409179 0.057725 0.028275
1 0.344159 0.523317 0.057556 0.035583
1 0.332866 0.259367 0.046206 0.084083
1 0.273878 0.305242 0.083006 0.052250
1 0.207866 0.249158 0.066156 0.089883
1 0.224791 0.582396 0.068819 0.052625
1 0.365169 0.738671 0.034975 0.091758
1 0.302741 0.768721 0.058981 0.099442
1 0.296347 0.665650 0.063069 0.039300
1 0.665659 0.208804 0.040731 0.058242
