0 0.563272 0.454592 0.047756 0.073033
0 0.563975 0.499533 0.037925 0.046817
0 0.335044 0.312263 0.046350 0.054308
0 0.344169 0.373129 0.050562 0.044942
0 0.431953 0.446158 0.037919 0.067417
0 0.561166 0.547288 0.037919 0.059925
0 0.520434 0.580992 0.037919 0.052433
0 0.521137 0.629683 0.039325 0.052433
0 0.516222 0.666200 0.029494 0.043067
0 0.515522 0.715825 0.036519 0.041200
0 0.523247 0.448033 0.040731 0.056183
0 0.521838 0.495787 0.035112 0.054308
0 0.614547 0.464888 0.037906 0.059925
1 0.250072 0.389046 0.115169 0.043075
1 0.324509 0.175563 0.087081 0.110492
1 0.309059 0.709267 0.073031 0.114233
