1 0.604844 0.434179 0.039325 0.059925
2 0.676475 0.196354 0.067412 0.108625
1 0.252319 0.794667 0.061800 0.073033
1 0.229844 0.657958 0.098312 0.058083
1 0.787428 0.661704 0.075844 0.050558
1 0.768484 0.371458 0.077219 0.050583
1 0.231250 0.216013 0.053375 0.054308
1 0.196137 0.272192 0.064613 0.035583
1 0.305688 0.210392 0.081462 0.058050
1 0.214397 0.535296 0.067419 0.059925
1 0.770587 0.553100 0.044925 0.058033
1 0.772681 0.712267 0.077250 0.069283
1 0.756531 0.225375 0.050563 0.076783
1 0.471413 0.738483 0.050550 0.091767
