1 0.550356 0.334462 0.048763 0.074775
1 0.737163 0.626063 0.042250 0.056175
1 0.522450 0.255429 0.038625 0.057742
1 0.331084 0.466108 0.091294 0.042133
1 0.761156 0.283525 0.087900 0.067117
1 0.744181 0.054900 0.075025 0.034333
1 0.516150 0.117042 0.031037 0.080717
1 0.354703 0.665825 0.056181 0.069283
1 0.752537 0.218825 0.059412 0.044433
1 0.763103 0.145679 0.059419 0.069358
1 0.585509 0.778025 0.045594 0.105117
1 0.730591 0.702721 0.035031 0.071558
1 0.472534 0.747138 0.034219 0.056358
1 0.678169 0.549900 0.060225 0.052017
1 0.520078 0.791029 0.028531 0.057442
1 0.679794 0.805117 0.079738 0.081283
1 0.372194 0.808371 0.054462 0.115958
1 0.493666 0.621429 0.037469 0.060692
1 0.486166 0.104058 0.029256 0.088950
1 0.585044 0.122658 0.050562 0.080333
1 0.641150 0.676033 0.064750 0.056367
