0 0.393487 0.044567 0.029263 0.041183
0 0.539994 0.468842 0.029125 0.035217
0 0.377438 0.464779 0.033188 0.036125
0 0.650734 0.212363 0.023031 0.046058
0 0.401375 0.364479 0.034950 0.042258
0 0.639519 0.293492 0.033325 0.049850
0 0.608634 0.292412 0.025194 0.039008
0 0.464769 0.347683 0.034950 0.039017
0 0.438762 0.270196 0.039825 0.044425
0 0.379428 0.178079 0.026819 0.057442
0 0.403809 0.179704 0.023569 0.039008
0 0.648459 0.137983 0.028444 0.053100
0 0.350575 0.100596 0.035763 0.067192
0 0.504597 0.051825 0.041456 0.043350
0 0.570312 0.600617 0.034625 0.039767
0 0.443337 0.602408 0.043350 0.046967
0 0.404394 0.592471 0.035900 0.036125
0 0.365447 0.598796 0.028444 0.036125
0 0.334631 0.591121 0.033188 0.051475
0 0.663944 0.545600 0.033187 0.038833
0 0.629400 0.545154 0.031837 0.036125
0 0.507141 0.536571 0.020319 0.031608
0 0.369647 0.532058 0.098894 0.053283
0 0.612806 0.467033 0.018962 0.037033
0 0.631431 0.478775 0.033187 0.037033
0 0.662250 0.478321 0.033863 0.041542
0 0.688328 0.481033 0.031831 0.037933
0 0.712372 0.479679 0.033869 0.037025
0 0.472803 0.609654 0.025056 0.034358
0 0.663806 0.611442 0.031838 0.043350
0 0.561534 0.676912 0.027769 0.035225
0 0.450450 0.674204 0.025063 0.029808
1 0.766966 0.283883 0.067731 0.057800
1 0.437650 0.096400 0.043350 0.058700
1 0.759006 0.150138 0.052225 0.054192
1 0.529087 0.256704 0.024387 0.050575
1 0.360775 0.319921 0.054862 0.059608
1 0.547375 0.333012 0.036575 0.042442
1 0.595466 0.338433 0.033869 0.053283
1 0.542297 0.192579 0.031831 0.055992
1 0.755313 0.061633 0.058250 0.050567
1 0.711966 0.348821 0.082631 0.070442
1 0.441716 0.470737 0.031156 0.034325
1 0.527056 0.612071 0.035225 0.053275
1 0.371272 0.794900 0.035219 0.099433
1 0.629297 0.803933 0.048831 0.095817
1 0.549034 0.758329 0.048156 0.062408
1 0.681791 0.801675 0.064419 0.069633
1 0.496203 0.479721 0.052219 0.063308
1 0.487400 0.392617 0.041388 0.064117
1 0.515203 0.116721 0.029119 0.059608
1 0.604272 0.062087 0.028444 0.055092
