0 0.519031 0.624438 0.049162 0.039325
1 0.606813 0.510208 0.056175 0.061800
1 0.467769 0.765825 0.047750 0.093633
1 0.424228 0.693725 0.047756 0.099250
1 0.687578 0.490542 0.077231 0.067417
1 0.639116 0.304212 0.095506 0.058058
1 0.641222 0.184362 0.082869 0.114225
1 0.822403 0.357583 0.108144 0.078650
1 0.814675 0.238671 0.089888 0.073042
1 0.314678 0.711517 0.073031 0.116100
1 0.312569 0.450279 0.082862 0.095508
1 0.250069 0.387550 0.098313 0.041200
1 0.284481 0.299529 0.046350 0.059925
1 0.337150 0.236800 0.030900 0.110483
1 0.325213 0.176871 0.074437 0.095508
0 0.509197 0.713388 0.040731 0.048692
0 0.516925 0.673129 0.039325 0.050558
0 0.520434 0.577621 0.040731 0.050558
