1 0.144634 0.747792 0.060856 0.063917
1 0.152250 0.318633 0.101825 0.063983
1 0.666056 0.884254 0.057350 0.087542
1 0.312594 0.888154 0.047987 0.104708
1 0.242953 0.879575 0.065544 0.087550
1 0.268703 0.334242 0.084269 0.123283
1 0.231250 0.278842 0.088950 0.131083
1 0.604609 0.871767 0.049156 0.078183
1 0.141713 0.865529 0.050325 0.075058
1 0.498103 0.861629 0.046819 0.148408
1 0.312594 0.585408 0.087775 0.048533
1 0.499272 0.415388 0.039794 0.060858
1 0.199066 0.689967 0.052669 0.057900
1 0.314350 0.743025 0.053837 0.089100
