1 0.750000 0.744854 0.039462 0.080525
0 0.559059 0.497658 0.039331 0.043067
0 0.521838 0.445225 0.037925 0.076783
0 0.519031 0.575375 0.043562 0.052433
0 0.520434 0.619383 0.037919 0.050567
0 0.660875 0.579125 0.043500 0.067417
0 0.611025 0.462079 0.042138 0.050558
0 0.513416 0.670883 0.040731 0.041200
0 0.505687 0.714892 0.050562 0.046817
1 0.317488 0.173688 0.089887 0.110492
1 0.251475 0.388108 0.106737 0.044950
1 0.262709 0.450842 0.095506 0.046817
1 0.404566 0.623129 0.067419 0.054308
1 0.832875 0.530421 0.090000 0.074892
1 0.827950 0.783242 0.080200 0.063667
1 0.692419 0.208333 0.061938 0.052433
1 0.641137 0.310392 0.088650 0.058050
1 0.471278 0.483613 0.054781 0.071158
1 0.358931 0.716779 0.065988 0.114275
