1 0.485253 0.098317 0.028231 0.103183
1 0.437569 0.090821 0.042138 0.076592
1 0.379284 0.064700 0.051969 0.125467
1 0.754916 0.056179 0.061944 0.041008
0 0.440378 0.265825 0.033706 0.044950
1 0.485181 0.616104 0.042137 0.060108
1 0.693819 0.811796 0.066150 0.080708
1 0.636234 0.812733 0.052106 0.086333
1 0.374369 0.811800 0.050563 0.140633
1 0.752038 0.426029 0.050563 0.046625
1 0.488063 0.392412 0.039462 0.080525
1 0.351122 0.160208 0.037781 0.073033
1 0.528159 0.250000 0.026681 0.061617
1 0.773878 0.274346 0.071769 0.076592
1 0.761869 0.144196 0.053375 0.067225
1 0.585747 0.118912 0.040731 0.084458
1 0.547753 0.119942 0.023731 0.067417
1 0.519031 0.113296 0.030900 0.080342
