1 0.222122 0.669213 0.084269 0.071942
1 0.739972 0.560742 0.066831 0.042317
1 0.182912 0.272129 0.076075 0.063975
1 0.284738 0.214392 0.045650 0.098317
1 0.224462 0.208929 0.056175 0.065542
1 0.776828 0.551404 0.051594 0.051692
3 0.614559 0.481654 0.106506 0.068858
1 0.801419 0.701983 0.084387 0.087550
2 0.830678 0.904075 0.096094 0.107833
2 0.277659 0.368812 0.085556 0.048542
2 0.787781 0.359208 0.136937 0.045250
1 0.758694 0.229996 0.080875 0.048375
1 0.249031 0.800296 0.065562 0.096908
1 0.204566 0.535083 0.046819 0.053000
