1 0.766856 0.563671 0.077388 0.060108
1 0.366575 0.818350 0.046487 0.097567
1 0.301897 0.767788 0.068819 0.090075
1 0.227594 0.581387 0.063187 0.046775
1 0.289328 0.438296 0.043681 0.037458
1 0.582866 0.223875 0.060531 0.073033
1 0.617978 0.599158 0.054919 0.044950
1 0.424791 0.747096 0.044944 0.059925
1 0.232375 0.496163 0.058987 0.044942
1 0.276053 0.309004 0.067419 0.045158
1 0.415731 0.595508 0.034975 0.056367
1 0.579353 0.355804 0.031044 0.082208
1 0.345503 0.522475 0.052106 0.037267
1 0.759128 0.338012 0.075981 0.069475
1 0.333637 0.255629 0.033712 0.080742
1 0.211378 0.248033 0.061656 0.076783
1 0.360253 0.734925 0.045081 0.091767
1 0.811094 0.703087 0.104075 0.106742
