0 0.695997 0.121725 0.033706 0.052250
1 0.412134 0.322192 0.053394 0.067417
1 0.264750 0.207783 0.084375 0.059900
1 0.260534 0.746254 0.058844 0.099442
1 0.546353 0.464417 0.060544 0.045133
1 0.458566 0.453183 0.072894 0.086333
1 0.540716 0.539329 0.082981 0.086325
1 0.526684 0.735017 0.043681 0.114417
0 0.463694 0.253092 0.037925 0.058050
1 0.257094 0.663858 0.054775 0.054500
1 0.294172 0.737829 0.056181 0.060108
1 0.299928 0.471908 0.053369 0.067600
1 0.693047 0.293071 0.067419 0.058242
1 0.668472 0.714421 0.080056 0.125658
1 0.683288 0.470038 0.061937 0.071342
1 0.561728 0.393258 0.066006 0.075100
1 0.425563 0.554308 0.049300 0.093817
1 0.332231 0.603933 0.070225 0.088200
0 0.691644 0.058987 0.033712 0.054492
1 0.546406 0.277154 0.043563 0.138392
0 0.658778 0.122662 0.037919 0.050375
1 0.719103 0.388583 0.122331 0.054500
