1 0.808919 0.686238 0.108150 0.058058
0 0.465588 0.530900 0.042275 0.039133
0 0.469806 0.564608 0.042275 0.035767
1 0.239469 0.708804 0.061937 0.058242
1 0.210603 0.241667 0.068819 0.074900
1 0.329284 0.248971 0.036519 0.074908
1 0.757656 0.548596 0.061800 0.056175
1 0.363694 0.711517 0.035112 0.078650
1 0.345503 0.514137 0.071769 0.043075
1 0.436166 0.218258 0.039331 0.058050
1 0.273947 0.234175 0.040731 0.082400
1 0.626406 0.259362 0.049300 0.091942
0 0.457166 0.433521 0.053231 0.035392
0 0.455056 0.405429 0.037775 0.050375
1 0.747894 0.338012 0.053513 0.050375
0 0.459341 0.461612 0.029494 0.035392
0 0.475491 0.598313 0.042131 0.035392
1 0.366572 0.793075 0.032444 0.061983
