1 0.774794 0.369571 0.070212 0.050558
1 0.205969 0.533429 0.056175 0.044942
1 0.760041 0.228171 0.060394 0.056158
1 0.745297 0.562450 0.044944 0.046817
1 0.205266 0.277808 0.102531 0.050567
1 0.224928 0.209458 0.060394 0.056183
1 0.343609 0.224446 0.039331 0.059942
1 0.286025 0.215075 0.047750 0.059933
1 0.234769 0.782487 0.080037 0.093642
1 0.233359 0.663571 0.099719 0.065525
1 0.467203 0.749717 0.044944 0.061800
1 0.460884 0.675754 0.060394 0.086158
1 0.775494 0.713204 0.085675 0.063675
2 0.582081 0.572546 0.089913 0.058092
2 0.545591 0.182121 0.033681 0.131092
2 0.664903 0.208317 0.050556 0.080867
1 0.788844 0.661713 0.067437 0.050575
