0 0.437478 0.266512 0.030431 0.037458
0 0.438062 0.398379 0.045650 0.057742
0 0.541644 0.470942 0.032775 0.037450
0 0.402950 0.594229 0.031600 0.040575
0 0.366666 0.596567 0.026919 0.048383
0 0.455031 0.605150 0.025750 0.037450
0 0.397100 0.675375 0.038625 0.053067
0 0.585534 0.605150 0.055006 0.049933
0 0.437478 0.467042 0.039794 0.045250
1 0.761681 0.154150 0.053838 0.068667
1 0.769291 0.286021 0.071394 0.070225
1 0.373691 0.807242 0.043306 0.110800
1 0.467322 0.172100 0.031606 0.088950
1 0.634106 0.806462 0.035113 0.074908
1 0.682094 0.808800 0.070225 0.073350
1 0.734762 0.623096 0.044475 0.057742
