1 0.389841 0.221879 0.038619 0.054625
2 0.611634 0.473904 0.112356 0.040575
2 0.793047 0.359204 0.100656 0.048375
1 0.795391 0.698629 0.081931 0.087392
1 0.225397 0.209396 0.049156 0.048375
1 0.189703 0.274937 0.062031 0.042142
2 0.271044 0.374033 0.060862 0.043700
1 0.204916 0.532417 0.047981 0.054667
1 0.221300 0.669679 0.085437 0.070375
1 0.236509 0.786737 0.064356 0.095308
1 0.285091 0.210175 0.039794 0.074900
1 0.763212 0.558108 0.085425 0.050117
1 0.763787 0.227342 0.063200 0.049933
1 0.630359 0.728979 0.067881 0.082858
1 0.302059 0.732104 0.052669 0.089108
1 0.345366 0.409146 0.043306 0.042142
0 0.400375 0.319412 0.033937 0.037458
0 0.403291 0.486387 0.030456 0.040558
0 0.405056 0.527746 0.031600 0.035892
0 0.358238 0.539450 0.031600 0.034333
0 0.400375 0.401342 0.038625 0.045250
0 0.409153 0.628404 0.037456 0.043692
0 0.407981 0.594850 0.042138 0.042133
