1 0.761869 0.234550 0.056175 0.048683
1 0.229144 0.213296 0.060862 0.065542
1 0.348525 0.429433 0.042138 0.060867
1 0.233825 0.656513 0.077250 0.053025
1 0.236750 0.784458 0.099488 0.062417
1 0.559197 0.440358 0.039794 0.051500
1 0.448597 0.367012 0.050331 0.057742
1 0.749391 0.320975 0.078419 0.059300
1 0.761100 0.396654 0.092450 0.082692
1 0.783334 0.656492 0.062031 0.049933
1 0.544562 0.213292 0.036250 0.093583
1 0.570316 0.569100 0.052669 0.049933
1 0.469066 0.737650 0.035131 0.090533
0 0.405875 0.486396 0.028088 0.040575
0 0.354963 0.521504 0.045650 0.057742
0 0.398853 0.319412 0.030431 0.040575
0 0.345012 0.352962 0.028088 0.035892
0 0.600163 0.383396 0.035113 0.043692
0 0.602503 0.523846 0.030431 0.043692
0 0.699437 0.637642 0.034975 0.046633
0 0.409481 0.600279 0.030900 0.050558
