1 0.346209 0.524342 0.061656 0.037267
1 0.709972 0.250937 0.045081 0.078458
1 0.626406 0.315638 0.035250 0.043075
1 0.597612 0.749062 0.050700 0.063858
1 0.581462 0.354021 0.029637 0.086125
1 0.686094 0.396162 0.050700 0.043075
0 0.468469 0.575842 0.033712 0.035767
1 0.805406 0.699438 0.101125 0.095692
1 0.475422 0.663950 0.036381 0.069283
1 0.754916 0.339888 0.064744 0.061608
1 0.333569 0.261238 0.042275 0.076592
1 0.582866 0.228463 0.038056 0.063858
1 0.212781 0.252808 0.064462 0.086333
1 0.365941 0.826779 0.033706 0.080708
1 0.364397 0.741575 0.033706 0.108800
0 0.455828 0.472004 0.022469 0.029958
0 0.465659 0.543167 0.028094 0.041200
0 0.475422 0.609550 0.031044 0.039517
1 0.768259 0.565546 0.080194 0.063858
1 0.224088 0.580525 0.070225 0.045133
1 0.299228 0.771442 0.051969 0.089883
