1 0.576366 0.471550 0.047144 0.054183
1 0.353500 0.098971 0.042263 0.065025
1 0.763144 0.146108 0.047138 0.053100
1 0.546538 0.126062 0.031700 0.058525
1 0.515650 0.115775 0.034950 0.057450
1 0.440062 0.096258 0.043075 0.066100
1 0.583519 0.132021 0.039013 0.068275
1 0.726569 0.084883 0.029263 0.049850
1 0.351875 0.168325 0.034137 0.049850
1 0.430309 0.178075 0.021944 0.054183
1 0.751359 0.192162 0.056081 0.039008
1 0.509150 0.190000 0.031700 0.054183
1 0.770050 0.278867 0.070713 0.049850
1 0.526622 0.258817 0.024381 0.061767
1 0.677803 0.068625 0.027631 0.049850
1 0.357972 0.314629 0.083719 0.073692
1 0.490453 0.389404 0.051206 0.065025
1 0.708281 0.339008 0.072337 0.048767
1 0.595709 0.335196 0.065019 0.054225
0 0.438259 0.269346 0.038606 0.041542
0 0.454853 0.244508 0.035219 0.038833
1 0.335456 0.467813 0.078025 0.052992
1 0.493134 0.484554 0.047144 0.056358
1 0.530119 0.616225 0.041450 0.059600
1 0.490281 0.618921 0.033313 0.056325
1 0.626838 0.619475 0.031700 0.046600
1 0.731281 0.622833 0.039013 0.048767
1 0.371219 0.801000 0.037388 0.104033
1 0.630903 0.809125 0.041456 0.087783
1 0.683734 0.802625 0.065831 0.079117
0 0.567913 0.540963 0.039012 0.034792
0 0.627244 0.544700 0.030887 0.035767
0 0.333831 0.530071 0.032512 0.036842
0 0.399666 0.534946 0.047144 0.040092
0 0.454122 0.603221 0.019506 0.040092
0 0.569131 0.599483 0.025200 0.036733
0 0.332206 0.594550 0.035762 0.048767
1 0.637813 0.681792 0.039013 0.054183
