0 0.401897 0.365825 0.040731 0.043067
1 0.774087 0.367696 0.071625 0.058058
1 0.759341 0.231929 0.058994 0.063675
1 0.286028 0.212267 0.044944 0.069283
1 0.229847 0.215075 0.053369 0.071167
1 0.212994 0.670054 0.109550 0.063892
1 0.800775 0.689792 0.066012 0.088017
1 0.764962 0.570879 0.056175 0.089892
1 0.238272 0.796538 0.087081 0.076775
1 0.560603 0.441625 0.057581 0.067417
1 0.347122 0.415450 0.040731 0.044950
1 0.207375 0.535321 0.047750 0.067375
0 0.398384 0.324629 0.036519 0.039325
0 0.406109 0.488483 0.043544 0.041200
0 0.409622 0.531554 0.036519 0.041192
0 0.345716 0.354587 0.040731 0.039325
0 0.394172 0.275938 0.039331 0.050558
