1 0.709269 0.303371 0.038062 0.033892
2 0.284481 0.792042 0.087075 0.116100
2 0.030900 0.200471 0.040587 0.044942
1 0.807516 0.705054 0.102531 0.095692
1 0.773103 0.574908 0.084269 0.067600
1 0.594100 0.752717 0.046487 0.067417
1 0.364397 0.825842 0.033706 0.093817
1 0.360253 0.746254 0.041994 0.099442
1 0.210041 0.250092 0.064606 0.084267
1 0.330056 0.258521 0.038062 0.074908
1 0.226812 0.584267 0.070062 0.045133
1 0.297122 0.670412 0.056181 0.041392
1 0.277388 0.409175 0.058850 0.035767
1 0.265522 0.310954 0.080056 0.059925
1 0.478231 0.664796 0.042275 0.075092
1 0.580056 0.234083 0.038062 0.063483
1 0.581462 0.354963 0.038062 0.088008
