0 0.225422 0.440167 0.039181 0.041200
0 0.332163 0.544008 0.039462 0.058233
0 0.393256 0.566479 0.046487 0.050375
0 0.388413 0.615263 0.042137 0.058058
0 0.384903 0.665821 0.049156 0.039325
0 0.279497 0.416671 0.037781 0.043258
0 0.216291 0.475750 0.046206 0.037450
0 0.653159 0.342700 0.026681 0.037267
0 0.652388 0.376404 0.025138 0.033525
0 0.729638 0.293071 0.027950 0.031642
0 0.207938 0.637637 0.035113 0.050375
0 0.205828 0.681742 0.044944 0.044950
0 0.450141 0.449529 0.039181 0.044942
0 0.604634 0.440167 0.025144 0.041200
0 0.598384 0.664887 0.046344 0.052442
1 0.343603 0.303800 0.046831 0.096767
1 0.274553 0.340479 0.074906 0.104558
1 0.194956 0.253883 0.042163 0.065567
1 0.135275 0.237483 0.088950 0.101433
1 0.151663 0.861629 0.049162 0.067258
1 0.310837 0.878792 0.053837 0.070383
1 0.661378 0.881913 0.043306 0.076625
1 0.320209 0.590875 0.072581 0.034500
1 0.743891 0.320196 0.053844 0.070225
1 0.499869 0.842121 0.038638 0.106275
1 0.247050 0.868650 0.055013 0.056333
1 0.316691 0.736783 0.042131 0.079750
1 0.500434 0.327217 0.044494 0.090517
