1 0.332934 0.251029 0.032306 0.089892
1 0.580759 0.229492 0.045081 0.088017
1 0.766856 0.558896 0.077388 0.065542
1 0.227600 0.483146 0.066013 0.078458
1 0.591916 0.404512 0.033719 0.037308
0 0.456531 0.442883 0.035112 0.046633
0 0.451616 0.473879 0.033706 0.044942
0 0.466294 0.541200 0.038062 0.037267
0 0.472613 0.580429 0.039187 0.044942
0 0.475353 0.608708 0.033706 0.041200
0 0.698738 0.511238 0.036375 0.033525
1 0.212081 0.247283 0.063062 0.089883
1 0.758425 0.340825 0.077388 0.063483
1 0.366572 0.815546 0.032444 0.084458
1 0.224016 0.577712 0.075981 0.043258
1 0.293541 0.437267 0.046206 0.046633
1 0.299931 0.766854 0.061800 0.088208
1 0.806181 0.702246 0.097050 0.101308
1 0.363834 0.733150 0.040731 0.103183
1 0.412219 0.599250 0.045087 0.060117
1 0.705056 0.253746 0.040875 0.084458
