1 0.707459 0.373729 0.129944 0.058425
1 0.486669 0.624287 0.045675 0.096625
1 0.677963 0.665863 0.108038 0.112358
1 0.392372 0.602938 0.055619 0.112358
1 0.260069 0.756871 0.067413 0.114608
1 0.534788 0.309683 0.060675 0.092133
1 0.547344 0.542267 0.102975 0.103367
2 0.211194 0.109679 0.091012 0.114608
1 0.549875 0.772604 0.037250 0.114608
1 0.672066 0.557996 0.052419 0.076408
1 0.547347 0.477100 0.079381 0.080900
1 0.324959 0.069233 0.055619 0.105617
1 0.144622 0.807433 0.065731 0.107867
1 0.137034 0.708575 0.064044 0.121317
1 0.142094 0.045637 0.060675 0.089892
1 0.523750 0.745633 0.038937 0.132583
1 0.687231 0.778221 0.055787 0.130342
