0 0.484550 0.429867 0.040588 0.058050
0 0.566784 0.450467 0.042131 0.073033
0 0.520434 0.582304 0.033706 0.044942
0 0.521700 0.624533 0.033713 0.046633
0 0.521841 0.670412 0.042131 0.041392
0 0.514112 0.719008 0.054775 0.044950
0 0.391150 0.404587 0.036375 0.059925
0 0.337078 0.420413 0.049294 0.050742
0 0.340659 0.373596 0.044944 0.050742
0 0.795647 0.684458 0.036656 0.046633
0 0.798528 0.733146 0.044944 0.050375
0 0.673512 0.370883 0.053400 0.052433
0 0.285816 0.242512 0.050419 0.058242
1 0.324437 0.170508 0.094238 0.104867
1 0.249366 0.391383 0.095506 0.052250
1 0.640450 0.188200 0.074575 0.110300
1 0.362359 0.706646 0.063344 0.095508
1 0.831463 0.356463 0.080200 0.076758
1 0.427038 0.689700 0.043538 0.091950
1 0.821559 0.780525 0.068819 0.048883
