1 0.729634 0.381929 0.146206 0.052442
0 0.662922 0.053275 0.040869 0.046817
1 0.492978 0.632958 0.032444 0.101317
2 0.212781 0.116200 0.081600 0.104867
1 0.685394 0.770504 0.063337 0.121725
0 0.457938 0.234179 0.035112 0.059925
1 0.414338 0.237829 0.074550 0.070975
1 0.512641 0.323971 0.071769 0.078458
1 0.251403 0.666667 0.060531 0.071350
1 0.686797 0.478371 0.052106 0.073042
1 0.700844 0.169479 0.068962 0.050375
1 0.551966 0.472850 0.080194 0.076967
1 0.527388 0.750842 0.028225 0.134833
1 0.398247 0.604775 0.064606 0.089883
0 0.694591 0.060017 0.044944 0.041200
1 0.282306 0.747188 0.082725 0.090075
0 0.658778 0.121725 0.037919 0.052250
