1 0.724019 0.376404 0.120925 0.063858
1 0.235253 0.133896 0.098456 0.118158
0 0.334972 0.249908 0.050419 0.061800
0 0.457866 0.236892 0.037781 0.076967
1 0.330756 0.079679 0.061937 0.121725
1 0.540659 0.468163 0.051969 0.052625
1 0.523875 0.742508 0.038062 0.103183
1 0.672753 0.668538 0.105481 0.131275
1 0.875000 0.691854 0.066150 0.069292
0 0.575141 0.163858 0.039469 0.061617
0 0.660112 0.055337 0.034975 0.058058
0 0.658778 0.122750 0.040731 0.058050
0 0.691009 0.060862 0.032444 0.050375
1 0.700069 0.164792 0.061800 0.056367
1 0.113134 0.249067 0.084269 0.048500
1 0.052738 0.045788 0.078650 0.061792
1 0.141150 0.048783 0.047613 0.089883
1 0.144731 0.708800 0.066013 0.091950
1 0.143328 0.806179 0.077244 0.088208
1 0.283078 0.741575 0.084269 0.082583
1 0.396769 0.608613 0.058850 0.090075
1 0.452950 0.452154 0.081325 0.061792
