1 0.243891 0.388108 0.113769 0.044950
1 0.425775 0.708333 0.058987 0.123600
1 0.281109 0.808521 0.064606 0.117975
1 0.243891 0.454592 0.122194 0.046817
1 0.279706 0.298221 0.061800 0.056175
1 0.483287 0.157771 0.042275 0.202242
1 0.279706 0.235488 0.050563 0.069292
1 0.851959 0.241104 0.063331 0.061792
1 0.825281 0.362829 0.060538 0.080525
1 0.356253 0.654962 0.080056 0.114225
1 0.799300 0.719475 0.061938 0.112550
1 0.641291 0.179304 0.071769 0.132958
1 0.243891 0.715825 0.043544 0.078650
1 0.604775 0.780433 0.035250 0.114233
1 0.333778 0.309454 0.060394 0.086142
1 0.458075 0.785112 0.039325 0.127342
1 0.818962 0.536050 0.140588 0.056183
