1 0.124156 0.814812 0.040962 0.079742
1 0.711122 0.387292 0.084269 0.057750
1 0.498691 0.853046 0.052669 0.118758
1 0.668400 0.876454 0.045650 0.059458
1 0.602272 0.863967 0.046819 0.062583
1 0.337759 0.300688 0.046819 0.112358
1 0.313178 0.885038 0.056181 0.089108
1 0.317856 0.724300 0.058525 0.082867
1 0.501616 0.413046 0.037456 0.049942
1 0.321956 0.588525 0.076075 0.042283
1 0.247050 0.870208 0.064375 0.068817
1 0.272784 0.337342 0.078444 0.132683
1 0.134106 0.231246 0.098313 0.117042
1 0.190872 0.255433 0.052669 0.059300
1 0.148734 0.859287 0.045644 0.075058
