1 0.689606 0.208333 0.053513 0.082400
1 0.832866 0.351592 0.081606 0.095500
1 0.826541 0.777621 0.097044 0.074908
1 0.290803 0.793542 0.084269 0.110483
1 0.358216 0.726125 0.067419 0.129217
1 0.254988 0.463012 0.102525 0.048692
1 0.248681 0.393721 0.112388 0.082392
1 0.319594 0.174625 0.096912 0.112367
0 0.664397 0.634367 0.044944 0.046817
0 0.660884 0.579121 0.043544 0.056175
0 0.363834 0.577246 0.058994 0.044942
0 0.514116 0.672754 0.033706 0.044942
0 0.516222 0.623125 0.046344 0.046817
0 0.521137 0.581929 0.036512 0.043075
0 0.562572 0.448033 0.037919 0.056183
0 0.561869 0.495787 0.042138 0.065542
0 0.615241 0.459271 0.033706 0.059925
1 0.814606 0.532304 0.101263 0.059925
