1 0.755709 0.232208 0.074906 0.057750
1 0.804284 0.702604 0.087781 0.084425
1 0.210300 0.682321 0.063200 0.087542
1 0.203278 0.538825 0.056181 0.037450
1 0.205619 0.472500 0.060862 0.048333
1 0.285791 0.209550 0.036281 0.078033
1 0.188062 0.271962 0.070225 0.049908
1 0.222587 0.207212 0.050325 0.060858
0 0.407516 0.570042 0.055006 0.046817
0 0.399906 0.527904 0.044475 0.037458
0 0.355428 0.538825 0.030431 0.037450
0 0.396981 0.317229 0.029263 0.043692
0 0.401662 0.484988 0.043300 0.042142
0 0.401662 0.437392 0.033937 0.056183
1 0.290597 0.734671 0.052656 0.087375
1 0.346559 0.683896 0.067419 0.065725
1 0.761566 0.559808 0.093631 0.057883
2 0.279941 0.371850 0.071394 0.056183
3 0.638862 0.485413 0.076012 0.101125
2 0.845009 0.924450 0.089894 0.123567
