1 0.228078 0.661467 0.080781 0.049900
1 0.521769 0.726683 0.047612 0.067417
1 0.516853 0.662921 0.043681 0.067225
1 0.449297 0.363421 0.050331 0.065542
1 0.352153 0.716888 0.040969 0.048375
1 0.754191 0.237796 0.046819 0.057742
1 0.767650 0.510892 0.057350 0.042133
1 0.779353 0.662267 0.055006 0.060867
1 0.592100 0.232333 0.057325 0.056183
1 0.753031 0.388417 0.070187 0.090500
1 0.471534 0.736400 0.036281 0.081133
1 0.222237 0.779300 0.057350 0.079600
1 0.247413 0.687217 0.044450 0.032733
0 0.398244 0.321162 0.030900 0.039508
0 0.344103 0.350279 0.029356 0.029958
0 0.403794 0.487829 0.036375 0.050375
0 0.304778 0.646067 0.037781 0.033517
0 0.299931 0.616108 0.039325 0.037267
0 0.302669 0.577717 0.028225 0.035767
0 0.594103 0.350188 0.029356 0.033892
0 0.340662 0.274342 0.039325 0.061983
0 0.409412 0.633896 0.027950 0.028275
0 0.409412 0.601125 0.027950 0.037267
0 0.410113 0.713483 0.029350 0.037633
0 0.552178 0.609571 0.028281 0.035108
0 0.562419 0.651833 0.033162 0.041617
0 0.358131 0.540362 0.031700 0.027092
0 0.291178 0.339858 0.035106 0.037450
0 0.541175 0.304900 0.032775 0.035900
0 0.492603 0.227654 0.031606 0.043692
1 0.226328 0.218308 0.058531 0.046783
1 0.203509 0.279154 0.036281 0.040575
1 0.231606 0.300225 0.031587 0.048383
