0 0.695225 0.123596 0.040875 0.052242
0 0.459341 0.239604 0.040731 0.059925
0 0.330756 0.165729 0.047612 0.065358
0 0.505691 0.216292 0.040731 0.073217
0 0.659481 0.122658 0.030900 0.054117
0 0.691712 0.059925 0.031037 0.048500
1 0.235253 0.135767 0.098456 0.125283
1 0.138412 0.046863 0.067412 0.093725
1 0.139816 0.807025 0.075844 0.078650
1 0.719734 0.380058 0.117981 0.052433
1 0.702178 0.168538 0.060394 0.037642
1 0.398244 0.605804 0.067413 0.084458
1 0.265450 0.746254 0.066150 0.091942
1 0.524506 0.741483 0.030900 0.119850
1 0.670647 0.669475 0.095644 0.121917
1 0.330828 0.689046 0.064606 0.078658
1 0.551194 0.466296 0.078650 0.063858
