2 0.931612 0.080467 0.045675 0.051683
2 0.941728 0.193950 0.069269 0.040450
1 0.249116 0.153504 0.072469 0.085392
1 0.394059 0.607433 0.058994 0.094383
1 0.365325 0.408558 0.045675 0.078650
1 0.705772 0.163612 0.072644 0.074158
1 0.715969 0.379333 0.116312 0.092167
1 0.531419 0.319796 0.070787 0.071908
1 0.324031 0.677096 0.060838 0.098875
1 0.682178 0.565863 0.062531 0.069658
1 0.683863 0.478221 0.082750 0.069658
1 0.629931 0.396196 0.086125 0.058425
1 0.620659 0.117550 0.057469 0.094383
1 0.544819 0.471479 0.057475 0.083142
1 0.673750 0.661367 0.109725 0.112367
1 0.262597 0.746758 0.072469 0.089883
1 0.533019 0.754625 0.054100 0.146067
1 0.685550 0.791704 0.055787 0.130342
