1 0.391531 0.617546 0.067413 0.114608
1 0.699875 0.177096 0.074325 0.069658
1 0.556616 0.465862 0.081069 0.085392
1 0.489200 0.628783 0.054100 0.083150
1 0.682178 0.482712 0.062531 0.101125
1 0.276081 0.744513 0.096063 0.107858
1 0.677963 0.665863 0.104663 0.116858
1 0.140409 0.711929 0.064044 0.101125
1 0.142094 0.801817 0.080900 0.110117
1 0.718413 0.383833 0.138375 0.078667
2 0.219619 0.117554 0.080900 0.098892
0 0.457934 0.229008 0.062356 0.065167
0 0.659341 0.120017 0.043819 0.053933
0 0.693891 0.118896 0.038769 0.056175
0 0.660181 0.058221 0.032025 0.056175
0 0.690519 0.058221 0.042138 0.056175
1 0.077206 0.787212 0.052250 0.058425
1 0.141250 0.047538 0.058987 0.081592
1 0.527119 0.744513 0.035562 0.139325
