1 0.645997 0.387642 0.060394 0.041383
1 0.808216 0.703183 0.095506 0.095700
1 0.766853 0.564608 0.080194 0.065733
1 0.359478 0.735017 0.040731 0.091950
1 0.327878 0.256554 0.033706 0.078842
1 0.206531 0.247192 0.066013 0.082217
1 0.301334 0.763012 0.056181 0.080525
1 0.753512 0.340917 0.064750 0.067417
1 0.665028 0.208804 0.036656 0.054492
1 0.413625 0.602062 0.042275 0.054492
1 0.228934 0.587079 0.060531 0.039508
1 0.683988 0.398879 0.035250 0.037642
1 0.365169 0.819300 0.040875 0.080733
1 0.579353 0.231275 0.039469 0.065733
1 0.620016 0.604871 0.044944 0.052625
1 0.601125 0.754592 0.049300 0.067417
1 0.556812 0.761146 0.033713 0.054308
