1 0.252488 0.159121 0.069100 0.096625
1 0.689759 0.172600 0.097919 0.092133
1 0.534706 0.315300 0.084438 0.085400
1 0.478244 0.446763 0.045675 0.060675
1 0.547344 0.472604 0.076012 0.085392
2 0.953525 0.699571 0.059163 0.071908
2 0.605491 0.584963 0.091181 0.062925
2 0.386491 0.615287 0.090981 0.101092
2 0.250787 0.787217 0.112950 0.175267
2 0.110916 0.845621 0.116294 0.170758
2 0.107544 0.262487 0.069100 0.087642
1 0.668694 0.665863 0.092863 0.098875
1 0.490044 0.628783 0.045675 0.096633
1 0.555772 0.775971 0.038931 0.112358
