1 0.616447 0.109679 0.059156 0.114608
2 0.252484 0.772613 0.075844 0.141558
2 0.111756 0.272604 0.057300 0.085392
1 0.249116 0.665858 0.072469 0.080900
1 0.312316 0.091704 0.047194 0.096625
1 0.709987 0.168108 0.084437 0.078650
1 0.522906 0.765858 0.057475 0.173033
1 0.594534 0.791704 0.049044 0.134825
1 0.685550 0.789458 0.065900 0.134833
1 0.677963 0.666987 0.097925 0.101125
1 0.719253 0.366987 0.119831 0.085392
1 0.436109 0.457996 0.059156 0.083142
1 0.476559 0.444512 0.038931 0.060675
1 0.552403 0.477096 0.079381 0.089892
1 0.245744 0.152375 0.079213 0.092133
2 0.956075 0.597321 0.087850 0.047192
2 0.118500 0.828783 0.101125 0.137083
2 0.598734 0.595083 0.087781 0.065167
2 0.388078 0.609688 0.067594 0.094375
