0 0.457163 0.236892 0.042275 0.061983
0 0.506391 0.217138 0.042131 0.074908
0 0.624297 0.185379 0.030756 0.067575
1 0.235956 0.135675 0.099863 0.121717
1 0.394663 0.605804 0.063062 0.084458
1 0.455756 0.453087 0.081600 0.059925
1 0.718397 0.377342 0.106881 0.061983
1 0.280900 0.743354 0.085538 0.089892
1 0.525984 0.747192 0.033844 0.131267
1 0.690309 0.483146 0.067556 0.078842
1 0.667837 0.665729 0.098450 0.114425
1 0.535816 0.314700 0.070081 0.078650
0 0.658778 0.121629 0.037919 0.059925
0 0.688906 0.060862 0.039187 0.058242
