1 0.323806 0.602717 0.074437 0.056183
1 0.231812 0.132679 0.101125 0.116108
1 0.699437 0.169196 0.075988 0.043075
1 0.255691 0.216950 0.056181 0.078650
1 0.398244 0.602621 0.066013 0.075092
1 0.489469 0.626967 0.038062 0.101317
1 0.267628 0.749629 0.060394 0.095692
1 0.672053 0.667229 0.102669 0.125658
1 0.712781 0.372287 0.111100 0.063858
1 0.631322 0.397567 0.083006 0.073217
1 0.329425 0.685954 0.066013 0.084458
1 0.587781 0.769288 0.043675 0.093825
1 0.551969 0.772100 0.031037 0.103183
1 0.528159 0.739325 0.033706 0.127533
1 0.672050 0.552062 0.063338 0.075092
1 0.554775 0.467792 0.070362 0.078833
1 0.441081 0.457487 0.087075 0.084458
1 0.332934 0.079308 0.064606 0.117983
1 0.555478 0.540825 0.080194 0.112550
