1 0.363694 0.732117 0.035112 0.082400
0 0.457866 0.472942 0.029356 0.043067
0 0.457163 0.415825 0.027950 0.052433
1 0.334341 0.255713 0.040731 0.069292
1 0.205056 0.249158 0.060537 0.082400
1 0.271841 0.304304 0.067419 0.050375
1 0.763350 0.338958 0.084425 0.063417
1 0.584972 0.226500 0.050706 0.063667
1 0.344109 0.519571 0.049031 0.031842
1 0.225491 0.576779 0.067419 0.045125
1 0.364538 0.822096 0.030900 0.090075
1 0.803300 0.701313 0.105337 0.095692
1 0.770362 0.575750 0.073175 0.043067
1 0.411519 0.599254 0.038062 0.063858
1 0.427741 0.750846 0.033706 0.074908
0 0.475422 0.608704 0.036381 0.037442
0 0.465522 0.540358 0.036519 0.046817
