1 0.585606 0.233146 0.035112 0.069475
1 0.809691 0.702246 0.101269 0.086325
1 0.768259 0.566479 0.074581 0.065725
1 0.750631 0.349346 0.053375 0.054308
1 0.720437 0.237825 0.026688 0.063483
1 0.686728 0.400654 0.043544 0.044942
1 0.596209 0.747192 0.056319 0.071350
1 0.489466 0.750000 0.047894 0.110667
1 0.366572 0.823033 0.040869 0.091950
1 0.426334 0.751875 0.030894 0.080717
1 0.363134 0.739700 0.044944 0.105050
1 0.332934 0.256558 0.032306 0.085950
1 0.207163 0.252808 0.064750 0.082583
1 0.273244 0.307117 0.067413 0.052250
1 0.225491 0.583337 0.067419 0.043258
1 0.299859 0.774250 0.064744 0.084267
1 0.341281 0.524346 0.054937 0.033892
