1 0.744906 0.203571 0.067300 0.080625
1 0.669916 0.615213 0.052831 0.043425
1 0.674794 0.552342 0.041450 0.056467
1 0.485006 0.105904 0.032512 0.082358
1 0.438681 0.101029 0.042263 0.074775
1 0.734534 0.628200 0.048769 0.052133
1 0.520362 0.791300 0.030075 0.068383
1 0.372844 0.809183 0.045513 0.119317
1 0.493544 0.617904 0.031700 0.055375
1 0.604456 0.411642 0.032188 0.041617
1 0.695163 0.345971 0.051687 0.066325
1 0.759047 0.147650 0.062419 0.057217
1 0.401584 0.479262 0.030231 0.070225
1 0.549834 0.340767 0.047794 0.068917
1 0.767338 0.275092 0.059500 0.049417
1 0.543006 0.199017 0.030237 0.048117
1 0.385003 0.172358 0.026331 0.052017
1 0.352819 0.164554 0.038038 0.065025
1 0.604944 0.058567 0.039012 0.076733
1 0.678094 0.064421 0.048762 0.065025
1 0.700525 0.073521 0.031213 0.062425
1 0.748319 0.084579 0.031213 0.074125
1 0.633750 0.809183 0.042262 0.075967
1 0.543984 0.128792 0.039994 0.081933
1 0.689991 0.810688 0.085831 0.087258
0 0.332044 0.596825 0.039013 0.036417
0 0.365203 0.601379 0.027306 0.035108
0 0.560272 0.680708 0.033156 0.037717
0 0.404219 0.596825 0.029262 0.036417
0 0.542228 0.474583 0.026331 0.039017
0 0.467047 0.351800 0.021944 0.031433
0 0.437378 0.267808 0.024381 0.049850
