0 0.410909 0.535708 0.032769 0.037450
1 0.762072 0.148171 0.061444 0.067625
1 0.756706 0.058438 0.064375 0.046808
1 0.605528 0.062987 0.039019 0.066325
1 0.439722 0.094854 0.050719 0.070225
1 0.547494 0.129312 0.032188 0.055925
1 0.759144 0.282117 0.067300 0.052017
1 0.760122 0.222946 0.047794 0.050725
1 0.527500 0.255458 0.033162 0.058517
1 0.351938 0.167025 0.040962 0.061117
1 0.692334 0.139717 0.044869 0.058517
1 0.486538 0.391354 0.037063 0.067625
1 0.691847 0.343887 0.049744 0.063725
1 0.357303 0.314629 0.082906 0.057225
1 0.495803 0.484987 0.043894 0.067625
1 0.329506 0.463533 0.083875 0.045517
1 0.527497 0.615021 0.039006 0.065042
1 0.625034 0.620883 0.042919 0.053317
1 0.492875 0.616983 0.030237 0.066317
1 0.631375 0.681358 0.057550 0.039017
1 0.373884 0.800350 0.043894 0.100133
1 0.630888 0.808800 0.035112 0.083233
1 0.683069 0.801646 0.075100 0.071525
1 0.520344 0.787658 0.031600 0.057900
0 0.434900 0.263387 0.031600 0.048375
0 0.367603 0.598129 0.037456 0.043692
0 0.330734 0.594225 0.036281 0.051500
0 0.574181 0.602808 0.031600 0.043700
0 0.558966 0.676938 0.036281 0.035892
