1 0.364466 0.734079 0.036656 0.090075
1 0.706391 0.260300 0.051969 0.078467
1 0.410113 0.596350 0.029350 0.050567
1 0.347681 0.525188 0.053375 0.035575
1 0.330759 0.258425 0.028231 0.082583
1 0.300631 0.772379 0.063200 0.088008
1 0.229706 0.584271 0.058988 0.037642
1 0.266856 0.300654 0.066150 0.043075
1 0.591994 0.744383 0.042275 0.065733
1 0.369381 0.820225 0.034975 0.075100
1 0.772472 0.566479 0.083006 0.065725
1 0.594100 0.402625 0.046487 0.037267
1 0.646700 0.382025 0.056175 0.048500
1 0.208569 0.250937 0.061937 0.078842
1 0.807512 0.705058 0.096912 0.088200
1 0.758428 0.339892 0.080194 0.069100
1 0.583569 0.229404 0.053513 0.069475
