1 0.136025 0.045863 0.062362 0.085392
1 0.227881 0.129008 0.091012 0.103367
0 0.698947 0.118896 0.045506 0.065175
0 0.659338 0.117775 0.040450 0.053933
1 0.662712 0.536763 0.080900 0.078875
0 0.691362 0.058221 0.033713 0.051692
0 0.361869 0.246983 0.042138 0.051683
0 0.457934 0.236871 0.045506 0.071908
1 0.589394 0.763725 0.048875 0.083367
1 0.254003 0.660354 0.058994 0.065392
1 0.335744 0.084067 0.067413 0.121350
1 0.486584 0.631142 0.045506 0.078883
1 0.270012 0.753613 0.067413 0.094608
1 0.329847 0.689567 0.055619 0.074383
1 0.527034 0.740133 0.035394 0.126067
1 0.665238 0.662600 0.099438 0.101350
0 0.659341 0.057096 0.033706 0.049442
1 0.554003 0.476088 0.069106 0.069892
1 0.393047 0.608671 0.077531 0.092358
1 0.366925 0.404158 0.048875 0.087833
1 0.521981 0.315525 0.089325 0.053933
1 0.607934 0.447996 0.055619 0.072142
1 0.719156 0.373829 0.123062 0.072158
1 0.137712 0.707546 0.058987 0.096858
1 0.141922 0.810917 0.074156 0.101350
1 0.055125 0.048108 0.062363 0.062917
